0 0.51121 0.50639 0.58876 0.93967
1 0.51168 0.50598 0.58566 0.93664
1 0.51154 0.50605 0.58299 0.93357
1 0.51422 0.68592 0.56973 0.57397
2 0.51215 0.50590 0.58505 0.93795
2 0.51200 0.50629 0.58539 0.93754
2 0.51153 0.22254 0.57707 0.36941
3 0.51303 0.50587 0.57763 0.93264
3 0.51170 0.22314 0.57125 0.36635
3 0.51268 0.50582 0.57679 0.93157
4 0.51035 0.22498 0.56586 0.36489
4 0.51113 0.50475 0.56983 0.92755
4 0.50778 0.76432 0.55293 0.40627
5 0.50801 0.50247 0.58198 0.93814
5 0.50772 0.50282 0.58189 0.93703
