0 0.48748 0.25046 0.96390 0.31188
1 0.48707 0.25033 0.96486 0.31233
1 0.48677 0.25029 0.96398 0.31158
2 0.48716 0.25056 0.96671 0.31161
2 0.54771 0.90585 0.45073 0.18422
2 0.18014 0.88514 0.35655 0.22535
2 0.48754 0.25066 0.96694 0.31195
3 0.48487 0.25029 0.96122 0.31190
4 0.84221 0.90325 0.31110 0.18571
4 0.54778 0.90562 0.44749 0.18440
4 0.51845 0.79134 0.31978 0.05696
4 0.82619 0.78930 0.34258 0.05787
4 0.17342 0.90790 0.34330 0.17972
4 0.19639 0.79987 0.33397 0.05837
4 0.48801 0.25091 0.96264 0.31171
4 0.50017 0.87510 0.99222 0.24452
4 0.18066 0.88436 0.35754 0.22604
5 0.48764 0.25062 0.96245 0.31247
5 0.48744 0.25074 0.96335 0.31213
