0 0.29711 0.42727 0.30988 0.56065
0 0.24158 0.45174 0.42059 0.60797
1 0.24132 0.45133 0.42038 0.60790
1 0.24102 0.45184 0.41984 0.60522
2 0.68793 0.25383 0.27512 0.50571
2 0.94134 0.77897 0.11410 0.43258
2 0.24132 0.45241 0.42038 0.60929
2 0.68777 0.25390 0.27486 0.50534
2 0.24108 0.45302 0.42041 0.60909
3 0.68769 0.25347 0.27468 0.50521
3 0.24139 0.45069 0.41906 0.60463
4 0.68796 0.25318 0.27465 0.50477
4 0.29586 0.42614 0.30657 0.55362
4 0.24121 0.44894 0.41692 0.59989
5 0.68778 0.25343 0.27551 0.50489
5 0.95917 0.28302 0.07861 0.56205
