0 0.23602 0.49724 0.44384 0.93938
0 0.75050 0.55440 0.31684 0.78271
0 0.23587 0.49734 0.44372 0.93971
0 0.75034 0.55472 0.31731 0.78255
0 0.88683 0.22827 0.22281 0.45357
1 0.75051 0.55467 0.31645 0.78297
1 0.23607 0.49816 0.44382 0.93930
1 0.23589 0.49823 0.44353 0.93903
1 0.75045 0.55497 0.31693 0.78267
1 0.88692 0.22830 0.22321 0.45413
2 0.23600 0.49749 0.44377 0.93904
2 0.75053 0.55458 0.31616 0.78232
2 0.23585 0.49751 0.44367 0.93965
2 0.75046 0.55507 0.31665 0.78214
2 0.88747 0.22774 0.22214 0.45346
2 0.88688 0.22786 0.22303 0.45405
3 0.23580 0.49795 0.44319 0.93745
3 0.75041 0.55453 0.31589 0.78198
3 0.23570 0.49809 0.44315 0.93709
3 0.88733 0.22750 0.22285 0.45310
3 0.75036 0.55480 0.31648 0.78162
4 0.23611 0.49831 0.44319 0.93739
4 0.75070 0.55463 0.31511 0.78267
4 0.88818 0.22748 0.22102 0.45319
5 0.23589 0.49939 0.44278 0.93527
5 0.23578 0.49952 0.44276 0.93607
