0 0.24126 0.76853 0.47805 0.40387
0 0.50093 0.21043 0.92680 0.41129
1 0.23955 0.76834 0.47466 0.40434
1 0.50184 0.21018 0.92651 0.41257
1 0.50054 0.21029 0.92729 0.41119
2 0.23610 0.76875 0.46857 0.40347
2 0.49670 0.20981 0.93450 0.41438
2 0.49656 0.20965 0.93509 0.41419
2 0.23601 0.76881 0.46832 0.40325
3 0.23777 0.76835 0.47243 0.40344
3 0.23732 0.76858 0.47150 0.40288
3 0.49846 0.20911 0.93218 0.41320
3 0.49823 0.20887 0.93261 0.41308
4 0.23323 0.76823 0.46289 0.40229
4 0.49829 0.20913 0.92919 0.41347
4 0.57094 0.26910 0.58819 0.28986
5 0.23932 0.76804 0.47525 0.40346
5 0.23842 0.76826 0.47382 0.40366
