0 0.21686 0.49527 0.40015 0.92828
1 0.21734 0.49583 0.40151 0.92974
1 0.21713 0.49532 0.40120 0.92744
2 0.21610 0.49499 0.39910 0.93001
2 0.21587 0.49559 0.39977 0.93013
2 0.26847 0.60095 0.28696 0.72062
3 0.21667 0.49493 0.40021 0.92613
3 0.26906 0.59965 0.28815 0.71839
3 0.21634 0.49533 0.40057 0.92532
4 0.21305 0.49545 0.39223 0.92168
4 0.26564 0.59964 0.27852 0.71883
5 0.26794 0.59963 0.28547 0.71777
5 0.21621 0.49384 0.39834 0.93057
5 0.26759 0.60010 0.28519 0.71931
5 0.16722 0.39896 0.30090 0.74004
