0 0.24977 0.48608 0.42933 0.90824
0 0.84900 0.38784 0.28027 0.77238
1 0.24989 0.48616 0.42924 0.90855
1 0.84919 0.38786 0.27994 0.77253
1 0.24972 0.48608 0.42945 0.90832
2 0.24985 0.48612 0.42864 0.90745
2 0.84906 0.38743 0.27970 0.77233
2 0.24969 0.48630 0.42923 0.90787
2 0.84894 0.38774 0.27975 0.77208
3 0.24980 0.48579 0.42827 0.90727
3 0.84911 0.38728 0.27965 0.77249
3 0.24964 0.48573 0.42884 0.90716
3 0.84893 0.38739 0.27973 0.77209
4 0.24994 0.48605 0.42828 0.90789
4 0.84926 0.38740 0.27957 0.77254
5 0.25027 0.48622 0.42819 0.90763
5 0.84948 0.38664 0.27693 0.77112
5 0.25001 0.48644 0.42837 0.90783
5 0.84940 0.38688 0.27729 0.77158
