0 0.39861 0.45525 0.41667 0.90730
0 0.90180 0.31515 0.19326 0.62705
0 0.39834 0.45554 0.41675 0.90693
1 0.39858 0.45551 0.41645 0.90802
1 0.39843 0.45589 0.41660 0.90715
2 0.39870 0.45512 0.41632 0.90743
2 0.90203 0.31471 0.19312 0.62682
2 0.90200 0.31463 0.19319 0.62681
2 0.39846 0.45542 0.41664 0.90750
3 0.39849 0.45479 0.41600 0.90741
3 0.90215 0.31488 0.19307 0.62764
3 0.39827 0.45493 0.41592 0.90691
4 0.39879 0.45527 0.41559 0.90810
4 0.90223 0.31507 0.19311 0.62790
5 0.39527 0.45398 0.40850 0.90577
5 0.39531 0.45417 0.40905 0.90599
