0 0.71887 0.50175 0.44549 0.92583
1 0.72230 0.50155 0.43671 0.92452
1 0.72264 0.50138 0.43701 0.92221
1 0.16448 0.88365 0.32510 0.22603
2 0.72129 0.50127 0.44258 0.92547
2 0.16410 0.88394 0.32442 0.22583
2 0.72110 0.50149 0.44363 0.92462
2 0.16393 0.88406 0.32397 0.22595
3 0.72347 0.49932 0.43556 0.91851
3 0.16379 0.88387 0.32437 0.22635
3 0.72385 0.49944 0.43558 0.91740
4 0.72541 0.49838 0.43109 0.91538
4 0.16262 0.88423 0.32179 0.22560
4 0.66991 0.61675 0.31793 0.67715
4 0.77570 0.37039 0.33174 0.66118
5 0.72494 0.50073 0.43513 0.92719
5 0.16378 0.88357 0.32245 0.22676
5 0.16360 0.88374 0.32277 0.22687
5 0.72494 0.50069 0.43532 0.92544
