0 0.48486 0.47193 0.94650 0.42823
0 0.48466 0.47189 0.94592 0.43000
1 0.48383 0.47233 0.94974 0.42898
1 0.48431 0.47196 0.94811 0.43027
2 0.48349 0.47228 0.95034 0.42996
2 0.58653 0.53698 0.63975 0.29466
2 0.48316 0.47188 0.94944 0.43173
3 0.48295 0.47316 0.95080 0.42807
3 0.58664 0.53616 0.63763 0.29401
3 0.37571 0.43113 0.68541 0.29365
3 0.48295 0.47296 0.94983 0.42940
4 0.58597 0.53468 0.63817 0.28738
4 0.38173 0.43188 0.66073 0.29174
4 0.48551 0.47215 0.94475 0.42734
5 0.58613 0.53432 0.63940 0.28912
5 0.37654 0.42856 0.67912 0.29821
5 0.58613 0.53410 0.63992 0.28786
5 0.37708 0.42906 0.67746 0.29755
