0 0.49103 0.49015 0.42304 0.93531
0 0.91778 0.52114 0.16174 0.71258
0 0.49088 0.49051 0.42308 0.93499
1 0.49107 0.49072 0.42289 0.93499
1 0.49093 0.49106 0.42303 0.93446
1 0.91791 0.52175 0.16166 0.71337
1 0.91791 0.52175 0.16130 0.71340
2 0.49115 0.49026 0.42246 0.93518
2 0.91810 0.52176 0.16170 0.71183
2 0.49106 0.49044 0.42265 0.93524
2 0.91804 0.52200 0.16147 0.71255
3 0.49096 0.49109 0.42239 0.93293
3 0.91810 0.52181 0.16169 0.71266
3 0.49075 0.49130 0.42241 0.93238
3 0.91808 0.52173 0.16154 0.71284
4 0.49115 0.49142 0.42245 0.93369
4 0.91818 0.52224 0.16162 0.71360
5 0.49045 0.49265 0.42137 0.92967
5 0.49031 0.49277 0.42194 0.92999
